image: /home/nvidia/f1tenth_ajou/maps/cartographer_map_20260704_150929_rosmap.png
resolution: 0.050000
origin: [-9.307814, -9.790397, 0.0]
negate: 0
occupied_thresh: 0.65
free_thresh: 0.196
