image: /home/nvidia/f1tenth_ajou/maps/cartographer_map_20260712_225113_rosmap.pgm
resolution: 0.050000
origin: [-4.833773, -2.711491, 0.0]
negate: 0
occupied_thresh: 0.65
free_thresh: 0.196
