image: /home/nvidia/f1tenth_ajou/maps/cartographer_map_20260628_145249_rosmap.pgm
resolution: 0.050000
origin: [-5.406359, -3.143387, 0.0]
negate: 0
occupied_thresh: 0.65
free_thresh: 0.196
