image: /home/nvidia/f1tenth_ajou/maps/cartographer_map_20260628_220238_rosmap.png
resolution: 0.050000
origin: [-11.166338, -11.248178, 0.0]
negate: 0
occupied_thresh: 0.65
free_thresh: 0.196
