image: /home/nvidia/f1tenth_ajou/maps/cartographer_map_20260710_210721_rosmap.png
resolution: 0.050000
origin: [-1.274139, -2.289685, 0.0]
negate: 0
occupied_thresh: 0.65
free_thresh: 0.196
