image: /home/nvidia/f1tenth_ajou/maps/cartographer_map_20260712_220740_rosmap.png
resolution: 0.050000
origin: [-5.175145, -7.239627, 0.0]
negate: 0
occupied_thresh: 0.65
free_thresh: 0.196
