image: /home/nvidia/f1tenth_ajou/maps/cartographer_map_20260710_210741_rosmap.png
resolution: 0.050000
origin: [-3.857915, -15.869051, 0.0]
negate: 0
occupied_thresh: 0.65
free_thresh: 0.196
