image: /home/nvidia/f1tenth_ajou/maps/cartographer_map_20260715_194619_rosmap.png
resolution: 0.050000
origin: [-1.631112, -10.582715, 0.0]
negate: 0
occupied_thresh: 0.65
free_thresh: 0.196
