image: /home/nvidia/f1tenth_ajou/maps/cartographer_map_20260719_001538_rosmap.png
resolution: 0.050000
origin: [-4.889337, -1.877537, 0.0]
negate: 0
occupied_thresh: 0.65
free_thresh: 0.196
